0.071429  0.0000
0.28571  0.0052632
0.50000  0.010526
0.71429  0.021053
0.78571  0.036842
0.78571  0.052632
0.85714  0.068421
0.85714  0.084211
0.92857  0.10526
0.92857  0.11579
1.0000  0.13684
1.0714  0.16842
1.1429  0.22105
1.2143  0.27368
1.3571  0.35789
1.3571  0.32632
1.4286  0.43158
1.4286  0.40000
1.5000  0.50000
1.5000  0.46316
1.5714  0.55789
1.5714  0.55789
1.7143  0.62105
1.8571  0.67895
1.8571  0.67895
1.9286  0.75789
2.0714  0.83158
2.7857  0.91053
3.5000  0.94737
4.5000  0.94737
5.7143  0.95789
7.2143  0.95789
8.9286  0.95789
10.571  0.96842
12.071  0.96842
13.500  0.95789
15.357  0.96842
16.357  0.93684
17.214  0.90000
17.929  0.86316
18.357  0.80000
18.857  0.72632
19.143  0.66316
19.357  0.61053
19.643  0.55263
20.000  0.51579
